$merge
      [,1] [,2]
 [1,]   -1  -18
 [2,]  -20  -22
 [3,]  -28  -29
 [4,]   -2  -13
 [5,]   -5    1
 [6,]  -10    4
 [7,]   -4  -30
 [8,]  -24  -27
 [9,]   -8    5
[10,]   -3   -7
[11,]    3    9
[12,]  -12  -25
[13,]  -26    6
[14,]    7   10
[15,]   -6  -19
[16,]  -11  -17
[17,]   -9  -14
[18,]    2   16
[19,]  -21    8
[20,]   11   19
[21,]  -15  -16
[22,]   13   14
[23,]   12   20
[24,]   15   18
[25,]  -23   17
[26,]   22   23
[27,]   21   24
[28,]   25   26
[29,]   27   28

$height
 [1] 0.1000000 0.1414214 0.1414214 0.1414214 0.1732051 0.1732051 0.1732051 0.2000000 0.2236068 0.2645751 0.2828427
[12] 0.3000000 0.3000000 0.3316625 0.3316625 0.3464102 0.3464102 0.4123106 0.4582576 0.5385165 0.5477226 0.6082763
[23] 0.6403124 0.6480741 0.8306624 0.8774964 0.9219544 1.3190906 2.0420578

$order
 [1] 15 16  6 19 20 22 11 17 23  9 14 26 10  2 13  4 30  3  7 12 25 28 29  8  5  1 18 21 24 27

$labels
 [1] "1"  "2"  "3"  "4"  "5"  "6"  "7"  "8"  "9"  "10" "11" "12" "13" "14" "15" "16" "17" "18" "19" "20" "21" "22"
[23] "23" "24" "25" "26" "27" "28" "29" "30"

$method
[1] "complete"

$call
hclust(d = dist(new_HC_X(), method = input$dist_method), method = input$hclust_method)

$dist.method
[1] "euclidean"

$`clusting vector`
 1  2  3  4  5  6  7  8  9 10 11 12 13 14 15 16 17 18 19 20 21 22 23 24 25 26 27 28 29 30 
 1  1  1  1  1  2  1  1  1  1  2  1  1  1  2  2  2  1  2  2  1  2  1  1  1  1  1  1  1  1 

